0.027586 0.045580 0.063523 0.063675 206
0.008215 0.113574 0.129715 0.129969 206
0.009068 0.026419 0.052255 0.052418 206
0.007252 0.028908 0.045505 0.045649 206
0.006826 0.024307 0.039514 0.039660 206
0.007528 0.029974 0.050851 0.050990 206
0.009827 0.029431 0.046875 0.047016 206
0.007276 0.022021 0.037078 0.037294 206
0.007832 0.025481 0.041436 0.041576 206
0.008212 0.024808 0.040929 0.041954 206
0.085906 0.105292 0.123285 0.123431 206
0.008647 0.025935 0.040533 0.043762 206
0.008196 0.029687 0.046268 0.046410 206
0.007160 0.026317 0.045521 0.045768 206
0.007042 0.025484 0.042936 0.043075 206
0.008367 0.026810 0.046893 0.047048 206
0.009381 0.027068 0.042961 0.043088 206
0.007129 0.024533 0.052880 0.053030 206
0.012333 0.105297 0.130838 0.130982 206
0.009056 0.026172 0.042444 0.042588 206
