0.033499 0.051944 0.279902 0.280046 206
0.012839 0.022992 0.172968 0.173108 206
0.008804 0.020276 0.208102 0.211630 206
0.007866 0.020460 0.160672 0.160813 206
0.008658 0.019903 0.185472 0.185616 206
0.008100 0.023748 0.196232 0.196374 206
0.085533 0.101297 0.248615 0.248755 206
0.011596 0.024779 0.211722 0.211866 206
0.007957 0.020510 0.179307 0.179451 206
0.008818 0.022634 0.200226 0.200436 206
0.009127 0.023129 0.149934 0.150082 206
0.009210 0.104315 0.285486 0.285628 206
0.008793 0.022304 0.172936 0.173152 206
0.006813 0.019764 0.164479 0.164615 206
0.008474 0.020667 0.154330 0.154476 206
0.011224 0.023825 0.149776 0.151400 206
0.010262 0.026279 0.203724 0.203871 206
0.008762 0.023970 0.157619 0.157754 206
0.008334 0.018561 0.156131 0.156296 206
0.006917 0.020084 0.173635 0.175255 206
